39563
36895
31783
34357
30973
37483
38684
41449
39140
34020
39217
41211
31348
37860
33816
40993
39140
39781
38838
42991
39429
30805
6813
5770
6496
10704
2198
4430
7790
7766
11725
9029
5003
9024
8312
6291
8260
4195
6644
8251
7575
6912
6379
6170
6993
3691
4263
3722
5640
5405
6750
4348
6664
7350
5597
5288
9009
4942
7905
6962
5597
8919
11046
7608
8668
7477
8724
11166
8625
7101
7477
8038
5196
8625
5196
7398
6421
6320
8670
9581
7477
4592
4657
8140
9228
9327
8528
3986
8919
5352
4889
5597
6664
9581
8392
5597
9133
7490
8315
4942
11184
8038
6664
6664
6664
6664
6664
6664
6664
6664
6664
6664
